x	t=0	t=50	t=100	t=150	t=200	t=250	t=300	t=350	t=400	t=438.4
0.5	1000	1930.76	2049.98	2082.13	2075.38	2120.22	2192.86	2229.78	2231.11	2230.42
1.5	1000	1930.23	2049.2	2081.27	2074.53	2119.29	2191.78	2228.62	2229.94	2229.26
2.5	1000	1929.17	2047.65	2079.55	2072.84	2117.44	2189.62	2226.31	2227.62	2226.93
3.5	1000	1927.58	2045.32	2076.98	2070.3	2114.67	2186.38	2222.84	2224.13	2223.45
4.5	1000	1925.46	2042.22	2073.55	2066.92	2110.97	2182.08	2218.22	2219.5	2218.81
5.5	1000	1922.81	2038.36	2069.28	2062.71	2106.36	2176.71	2212.47	2213.72	2213.04
6.5	1000	1919.63	2033.73	2064.16	2057.67	2100.85	2170.28	2205.59	2206.81	2206.13
7.5	1000	1915.92	2028.35	2058.21	2051.81	2094.45	2162.82	2197.6	2198.78	2198.1
8.5	1000	1911.68	2022.22	2051.45	2045.14	2087.15	2154.33	2188.51	2189.65	2188.97
9.5	1000	1906.91	2015.35	2043.87	2037.68	2078.99	2144.83	2178.34	2179.44	2178.75
10.5	1000	1901.61	2007.75	2035.49	2029.43	2069.96	2134.34	2167.11	2168.16	2167.48
11.5	1000	1895.78	1999.44	2026.33	2020.4	2060.09	2122.89	2154.85	2155.85	2155.17
12.5	1000	1889.43	1990.42	2016.4	2010.62	2049.4	2110.49	2141.59	2142.53	2141.85
13.5	1000	1882.54	1980.7	2005.72	2000.1	2037.9	2097.17	2127.35	2128.22	2127.55
14.5	1000	1875.14	1970.3	1994.31	1988.86	2025.61	2082.96	2112.17	2112.97	2112.3
15.5	1000	1867.2	1959.24	1982.18	1976.92	2012.56	2067.89	2096.08	2096.81	2096.14
16.5	1000	1858.74	1947.54	1969.37	1964.29	1998.77	2051.99	2079.12	2079.78	2079.11
17.5	1000	1849.77	1935.2	1955.88	1951	1984.26	2035.31	2061.33	2061.92	2061.25
18.5	1000	1840.27	1922.25	1941.75	1937.07	1969.06	2017.87	2042.75	2043.26	2042.6
19.5	1000	1830.25	1908.71	1927.01	1922.54	1953.21	1999.72	2023.44	2023.87	2023.2
20.5	1000	1819.73	1894.6	1911.66	1907.41	1936.72	1980.9	2003.42	2003.77	2003.11
21.5	1000	1808.69	1879.93	1895.75	1891.71	1919.63	1961.44	1982.77	1983.03	1982.38
22.5	1000	1797.15	1864.74	1879.3	1875.48	1901.98	1941.4	1961.51	1961.69	1961.04
23.5	1000	1785.11	1849.03	1862.34	1858.73	1883.78	1920.8	1939.7	1939.79	1939.15
24.5	1000	1772.58	1832.85	1844.89	1841.5	1865.08	1899.7	1917.38	1917.4	1916.76
25.5	1000	1759.56	1816.2	1826.98	1823.81	1845.9	1878.14	1894.61	1894.54	1893.91
26.5	1000	1746.07	1799.11	1808.65	1805.69	1826.28	1856.16	1871.44	1871.28	1870.65
27.5	1000	1732.11	1781.6	1789.92	1787.16	1806.25	1833.8	1847.9	1847.66	1847.04
28.5	1000	1717.69	1763.7	1770.82	1768.26	1785.84	1811.1	1824.04	1823.72	1823.1
29.5	1000	1702.82	1745.43	1751.37	1749	1765.09	1788.1	1799.9	1799.51	1798.9
30.5	1000	1687.51	1726.81	1731.61	1729.41	1744.01	1764.84	1775.53	1775.06	1774.45
31.5	1000	1671.79	1707.86	1711.55	1709.51	1722.65	1741.35	1750.96	1750.42	1749.82
32.5	1000	1655.65	1688.61	1691.23	1689.34	1701.03	1717.66	1726.23	1725.61	1725.02
33.5	1000	1639.13	1669.08	1670.67	1668.92	1679.18	1693.82	1701.38	1700.69	1700.1
34.5	1000	1622.23	1649.27	1649.89	1648.26	1657.12	1669.84	1676.43	1675.67	1675.09
35.5	1000	1604.97	1629.23	1628.92	1627.38	1634.88	1645.75	1651.41	1650.58	1650.02
36.5	1000	1587.38	1608.96	1607.77	1606.32	1612.49	1621.59	1626.35	1625.46	1624.9
37.5	1000	1569.46	1588.49	1586.47	1585.09	1589.96	1597.38	1601.28	1600.33	1599.78
38.5	1000	1551.26	1567.82	1565.03	1563.7	1567.33	1573.13	1576.21	1575.2	1574.67
39.5	1000	1532.77	1546.99	1543.48	1542.18	1544.6	1548.88	1551.18	1550.11	1549.58
40.5	1000	1514.03	1526.01	1521.83	1520.55	1521.8	1524.63	1526.19	1525.07	1524.55
41.5	1000	1495.06	1504.88	1500.09	1498.81	1498.94	1500.41	1501.26	1500.09	1499.58
42.5	1000	1475.87	1483.64	1478.29	1476.98	1476.05	1476.22	1476.41	1475.19	1474.7
43.5	1000	1456.49	1462.29	1456.43	1455.09	1453.14	1452.1	1451.65	1450.39	1449.91
44.5	1000	1436.92	1440.84	1434.53	1433.13	1430.21	1428.04	1427	1425.69	1425.22
45.5	1000	1417.2	1419.32	1412.6	1411.13	1407.3	1404.06	1402.46	1401.11	1400.65
46.5	1000	1397.34	1397.73	1390.65	1389.09	1384.4	1380.18	1378.04	1376.65	1376.21
47.5	1000	1377.35	1376.08	1368.69	1367.03	1361.53	1356.39	1353.76	1352.33	1351.9
48.5	1000	1357.25	1354.39	1346.73	1344.96	1338.7	1332.71	1329.61	1328.14	1327.74
49.5	1000	1337.05	1332.67	1324.77	1322.88	1315.92	1309.14	1305.61	1304.1	1303.72
50.5	1000	1316.76	1310.92	1302.83	1300.8	1293.2	1285.69	1281.76	1280.22	1279.85
51.5	1000	1296.39	1289.16	1280.91	1278.74	1270.54	1262.37	1258.06	1256.49	1256.14
52.5	1000	1275.96	1267.39	1259.02	1256.7	1247.96	1239.19	1234.52	1232.92	1232.6
53.5	1000	1255.48	1245.63	1237.16	1234.69	1225.45	1216.14	1211.14	1209.51	1209.22
54.5	1000	1234.94	1223.87	1215.34	1212.71	1203.03	1193.23	1187.93	1186.27	1186
55.5	1000	1214.38	1202.13	1193.57	1190.77	1180.71	1170.46	1164.88	1163.2	1162.96
56.5	1000	1193.78	1180.42	1171.84	1168.88	1158.48	1147.84	1142	1140.3	1140.08
57.5	1000	1173.16	1158.74	1150.16	1147.04	1136.35	1125.37	1119.3	1117.57	1117.38
58.5	1000	1152.54	1137.09	1128.53	1125.26	1114.33	1103.05	1096.76	1095.01	1094.86
59.5	1000	1131.9	1115.48	1106.97	1103.54	1092.42	1080.88	1074.4	1072.63	1072.51
60.5	1000	1111.28	1093.91	1085.46	1081.89	1070.62	1058.87	1052.21	1050.42	1050.34
61.5	1000	1090.66	1072.4	1064.02	1060.31	1048.93	1037.01	1030.19	1028.39	1028.34
62.5	1000	1070.06	1050.94	1042.64	1038.8	1027.37	1015.31	1008.35	1006.53	1006.52
63.5	1000	1049.48	1029.55	1021.32	1017.37	1005.93	993.767	986.683	984.842	984.873
64.5	1000	1028.93	1008.21	1000.08	996.028	984.607	972.381	965.189	963.331	963.406
65.5	1000	1008.42	986.937	978.907	974.769	963.414	951.154	943.868	941.996	942.116
66.5	1000	987.947	965.734	957.806	953.6	942.349	930.087	922.721	920.834	921.002
67.5	1000	967.518	944.603	936.779	932.523	921.414	909.179	901.747	899.847	900.065
68.5	1000	947.135	923.547	915.827	911.542	900.611	888.431	880.946	879.034	879.303
69.5	1000	926.802	902.568	894.952	890.66	879.941	867.843	860.318	858.394	858.717
70.5	1000	906.52	881.667	874.156	869.878	859.406	847.415	839.863	837.928	838.307
71.5	1000	886.29	860.848	853.44	849.201	839.007	827.147	819.579	817.634	818.072
72.5	1000	866.113	840.112	832.806	828.631	818.746	807.041	799.468	797.513	798.011
73.5	1000	845.989	819.461	812.254	808.17	798.624	787.095	779.527	777.564	778.126
74.5	1000	831.991	805.118	797.98	793.978	784.689	773.297	765.741	763.772	764.379
75.5	1000	821.381	794.263	787.176	783.235	774.137	762.849	755.302	753.329	753.97
76.5	1000	810.871	783.524	776.489	772.605	763.695	752.507	744.971	742.995	743.668
77.5	1000	800.457	772.899	765.914	762.088	753.359	742.271	734.745	732.768	733.472
78.5	1000	790.139	762.385	755.451	751.679	743.129	732.139	724.623	722.645	723.379
79.5	1000	779.913	751.982	745.097	741.378	733.002	722.107	714.603	712.625	713.387
80.5	1000	769.78	741.686	734.85	731.183	722.975	712.175	704.683	702.706	703.495
81.5	1000	759.736	731.495	724.708	721.09	713.048	702.341	694.861	692.886	693.7
82.5	1000	749.78	721.408	714.668	711.099	703.219	692.603	685.136	683.163	684.001
83.5	1000	739.911	711.422	704.73	701.207	693.485	682.958	675.505	673.535	674.397
84.5	1000	730.127	701.537	694.891	691.413	683.845	673.407	665.967	664.001	664.886
85.5	1000	720.427	691.749	685.149	681.715	674.298	663.946	656.521	654.56	655.465
86.5	1000	710.809	682.057	675.502	672.112	664.841	654.575	647.165	645.209	646.135
87.5	1000	701.272	672.461	665.95	662.601	655.474	645.293	637.898	635.948	636.892
88.5	1000	691.816	662.957	656.49	653.181	646.195	636.096	628.718	626.774	627.736
89.5	1000	682.438	653.545	647.121	643.852	637.003	626.986	619.623	617.687	618.666
90.5	1000	673.138	644.222	637.841	634.61	627.895	617.959	610.613	608.684	609.68
91.5	1000	663.914	634.988	628.649	625.456	618.872	609.015	601.687	599.766	600.776
92.5	1000	654.767	625.842	619.543	616.387	609.931	600.152	592.842	590.93	591.955
93.5	1000	645.693	616.781	610.523	607.402	601.072	591.37	584.078	582.176	583.213
94.5	1000	633.728	604.846	598.641	595.567	589.4	579.799	572.532	570.642	571.697
95.5	1000	616.521	587.638	581.539	578.582	572.523	563.005	555.777	553.923	554.989
96.5	1000	600.028	571.101	565.127	562.341	556.265	546.763	539.573	537.771	538.836
97.5	1000	584.214	555.205	549.37	546.809	540.606	531.054	523.901	522.166	523.22
98.5	1000	569.048	539.923	534.237	531.957	525.526	515.862	508.744	507.089	508.123
99.5	1000	554.501	525.23	519.699	517.752	511.01	501.171	494.084	492.524	493.529
100.5	1000	540.545	511.102	505.729	504.165	497.041	486.968	479.907	478.453	479.422
101.5	1000	527.156	497.517	492.303	491.167	483.603	473.238	466.196	464.862	465.788
102.5	1000	514.309	484.455	479.396	478.729	470.682	459.968	452.939	451.737	452.615
103.5	1000	501.982	471.895	466.989	466.826	458.263	447.147	440.122	439.063	439.888
104.5	1000	490.154	459.82	455.062	455.431	446.335	434.763	427.733	426.827	427.595
105.5	1000	478.805	448.213	443.595	444.519	434.883	422.806	415.761	415.018	415.726
106.5	1000	467.917	437.056	432.573	434.069	423.895	411.265	404.194	403.624	404.269
107.5	1000	457.472	426.335	421.979	424.058	413.359	400.131	393.022	392.632	393.214
108.5	1000	447.454	416.035	411.797	414.466	403.263	389.395	382.236	382.034	382.551
109.5	1000	437.847	406.142	402.015	405.276	393.594	379.048	371.826	371.819	372.27
110.5	1000	428.637	396.643	392.617	396.47	384.341	369.081	361.783	361.977	362.363
111.5	1000	419.809	387.525	383.593	388.031	375.492	359.488	352.099	352.499	352.82
112.5	1000	411.35	378.777	374.93	379.946	367.035	350.26	342.765	343.376	343.633
113.5	1000	403.248	370.388	366.617	372.201	358.957	341.389	333.775	334.599	334.794
114.5	1000	395.491	362.346	358.644	364.784	351.248	332.87	325.121	326.161	326.296
115.5	1000	388.068	354.642	351	357.682	343.895	324.694	316.796	318.054	318.13
116.5	1000	380.968	347.265	343.676	350.885	336.887	316.854	308.793	310.27	310.29
117.5	1000	374.18	340.206	336.663	344.382	330.211	309.345	301.105	302.802	302.769
118.5	1000	367.696	333.457	329.953	338.165	323.857	302.16	293.728	295.643	295.56
119.5	1000	361.505	327.008	323.537	332.225	317.814	295.292	286.654	288.786	288.655
120.5	1000	355.6	320.852	317.408	326.552	312.069	288.734	279.879	282.224	282.05
121.5	1000	349.972	314.981	311.558	321.141	306.614	282.482	273.396	275.952	275.738
122.5	1000	344.614	309.387	305.98	315.983	301.437	276.527	267.201	269.964	269.713
123.5	1000	339.517	304.064	300.668	311.071	296.53	270.865	261.288	264.253	263.969
124.5	1000	334.676	299.004	295.616	306.401	291.883	265.488	255.653	258.815	258.501
125.5	1000	330.083	294.202	290.818	301.965	287.487	260.391	250.291	253.643	253.304
126.5	1000	325.732	289.651	286.267	297.757	283.335	255.568	245.196	248.733	248.371
127.5	1000	321.617	285.346	281.959	293.774	279.418	251.013	240.366	244.08	243.699
128.5	1000	317.732	281.28	277.888	290.01	275.729	246.719	235.795	239.68	239.282
129.5	1000	314.073	277.45	274.05	286.46	272.263	242.681	231.48	235.527	235.116
130.5	1000	310.634	273.849	270.44	283.121	269.011	238.894	227.416	231.618	231.196
131.5	1000	307.411	270.473	267.054	279.988	265.97	235.351	223.6	227.949	227.518
132.5	1000	304.4	267.318	263.887	277.057	263.133	232.046	220.029	224.515	224.078
133.5	1000	301.596	264.38	260.937	274.326	260.495	228.976	216.698	221.313	220.873
134.5	1000	298.995	261.655	258.199	271.791	258.053	226.135	213.605	218.341	217.898
135.5	1000	296.594	259.139	255.67	269.448	255.801	223.518	210.747	215.594	215.15
136.5	1000	294.39	256.829	253.347	267.296	253.736	221.12	208.12	213.07	212.626
137.5	1000	292.38	254.723	251.228	265.332	251.855	218.937	205.722	210.766	210.324
138.5	1000	290.561	252.817	249.309	263.553	250.155	216.966	203.551	208.679	208.239
139.5	1000	288.931	251.108	247.589	261.958	248.632	215.203	201.603	206.808	206.37
140.5	1000	287.488	249.595	246.065	260.545	247.284	213.644	199.877	205.149	204.715
141.5	1000	286.229	248.275	244.736	259.312	246.11	212.286	198.372	203.702	203.271
142.5	1000	285.153	247.148	243.6	258.258	245.106	211.128	197.084	202.465	202.037
143.5	1000	284.259	246.21	242.655	257.381	244.273	210.165	196.014	201.436	201.011
144.5	1000	283.545	245.462	241.901	256.681	243.607	209.398	195.159	200.615	200.191
145.5	1000	283.01	244.901	241.336	256.156	243.109	208.824	194.518	199.999	199.578
146.5	1000	282.654	244.528	240.959	255.807	242.778	208.442	194.092	199.589	199.169
147.5	1000	282.476	244.341	240.771	255.632	242.612	208.251	193.879	199.385	198.965
